tScaled  A  B  C  D
0.001  1.0  5.167702922063749e-9  5.167702922063749e-9  2.470519281570597e-17
0.002  1.0000000000003357  4.135005398569513e-8  4.135005398569513e-8  3.357297771004844e-13
0.003  1.000000000001184  1.39555813039223e-7  1.39555813039223e-7  1.1838281898735192e-12
0.004  1.0000000000019909  3.307739857397962e-7  3.307739857397962e-7  1.9907992887097787e-12
0.005  1.000000000002197  6.459934088309981e-7  6.459934088309981e-7  2.1967662960059294e-12
0.006  1.000000000001242  1.1162029190564098e-6  1.1162029190564098e-6  1.2418524341586526e-12
0.007  0.9999999999985663  1.7723913531596139e-6  1.7723913531596139e-6  1.4338190744353825e-12
0.008  0.99999999999361  2.6455475478841924e-6  2.6455475478841924e-6  6.3901250073795015e-12
0.009  0.999999999986012  3.766661385975251e-6  3.766661385975251e-6  1.3988176316660801e-11
0.01  1.000000000206188  5.167924920724282e-6  5.167924920724282e-6  2.0618788113203775e-10
0.011  1.0000000008148011  6.881116767628087e-6  6.881116767628087e-6  8.148010622075344e-10
0.012  1.0000000017462511  8.936813912250604e-6  8.936813912250604e-6  1.746251092998257e-9
0.013  1.0000000029349376  1.1365593340155761e-5  1.1365593340155761e-5  2.9349376995926374e-9
0.014  1.0000000043152606  1.4198032036907473e-5  1.4198032036907473e-5  4.315260608079102e-9
0.015  1.0000000058216196  1.7464706988069678e-5  1.7464706988069678e-5  5.8216195445460875e-9
0.016  1.0000000073884143  2.1196195179206298e-5  2.1196195179206298e-5  7.38841423508202e-9
0.017  1.0000000089500445  2.5423073595881268e-5  2.5423073595881268e-5  8.950044405775339e-9
0.018  1.0000000104409097  3.0175919223658506e-5  3.0175919223658506e-5  1.0440909782714458e-8
0.019  1.0000000117954102  3.5485309048101946e-5  3.5485309048101946e-5  1.1795410091987819e-8
0.02  1.0000000129479452  4.138182005477555e-5  4.138182005477555e-5  1.2947945059683859e-8
0.021  1.0000000138329144  4.789602922924318e-5  4.789602922924318e-5  1.3832914411890977e-8
0.022  1.0000000143847179  5.5058513557068806e-5  5.5058513557068806e-5  1.4384717874697644e-8
0.023  1.0000000145377552  6.289985002381636e-5  6.289985002381636e-5  1.4537755174192263e-8
0.024  1.000000014226426  7.145061561504974e-5  7.145061561504974e-5  1.4226426036463286e-8
0.025  1.0000000133851301  8.074138731633289e-5  8.074138731633289e-5  1.338513018759911e-8
0.026  1.0000000119482675  9.080274211322973e-5  9.080274211322973e-5  1.1948267353688199e-8
0.027  1.0000000098502373  0.00010166525699130421  0.00010166525699130421  9.850237260818957e-9
0.028  1.0000000070254396  0.00011335950893612027  0.00011335950893612027  7.0254396350798385e-9
0.029  1.000000003408274  0.00012591607493324177  0.00012591607493324177  3.40827420255927e-9
0.03  0.9999999989331407  0.00013936553196823275  0.00013936553196823275  1.0668593106543524e-9
0.031  0.9999999935344388  0.00015373845702665705  0.00015373845702665705  6.465561178472586e-9
0.032  0.9999999871465683  0.00016906542709407862  0.00016906542709407862  1.285343167480694e-8
0.033  0.999999979703929  0.00018537701915606134  0.00018537701915606134  2.0296071073569045e-8
0.034  0.9999999711409204  0.00020270381019816923  0.00020270381019816923  2.8859079648670446e-8
0.035  0.9999999613919424  0.00022107637720596612  0.00022107637720596612  3.8608057674022735e-8
0.036  0.9999999503913947  0.00024052529716501607  0.00024052529716501607  4.960860542353748e-8
0.037  0.9999999380736769  0.00026108114706088287  0.00026108114706088287  6.19263231711262e-8
0.038  0.9999999243731889  0.0002827745038791305  0.0002827745038791305  7.562681119070052e-8
0.039  0.9999999092243304  0.0003056359446053229  0.0003056359446053229  9.077566975617202e-8
0.04  0.9999998925615009  0.00032969604622502406  0.00032969604622502406  1.0743849914145223e-7
0.041  0.9999998743191004  0.00035498538572379773  0.00035498538572379773  1.2568089962045272e-7
0.042  0.999999854437864  0.00038153455086995956  0.00038153455086995956  1.455621361541896e-7
0.043  0.9999998484515792  0.0004094005379195344  0.0004094005379195344  1.515484209275286e-7
0.044  0.9999998693573972  0.00043863552249650054  0.00043863552249650054  1.3064260286907076e-7
0.045  0.99999991512567  0.00046926598372078264  0.00046926598372078264  8.487433006951987e-8
0.046  0.9999999837267495  0.0005013184007123053  0.0005013184007123053  1.6273250619582154e-8
0.047  1.0000000731309875  0.0005348192525909938  0.0005348192525909938  7.313098739003874e-8
0.048  1.000000181308736  0.0005697950184767725  0.0005697950184767725  1.8130873586863572e-7
0.049  1.0000003062303469  0.0006062721774895663  0.0006062721774895663  3.062303467255072e-7
0.05  1.000000445866172  0.0006442772087493  0.0006442772087493  4.458661718699467e-7
0.051  1.0000005981865632  0.0006838365913758987  0.0006838365913758987  5.981865632112488e-7
0.052  1.0000007611618729  0.0007249768044892865  0.0007249768044892865  7.611618726587147e-7
0.053  1.0000009327624522  0.0007677243272093892  0.0007677243272093892  9.327624521216275e-7
0.054  1.0000011109586535  0.0008121056386561304  0.0008121056386561304  1.1109586535092937e-6
0.055  1.0000012937208287  0.0008581472179494354  0.0008581472179494354  1.2937208287310104e-6
0.056  1.00000147901933  0.0009058755442092295  0.0009058755442092295  1.4790193296960551e-6
0.057  1.0000016648245085  0.0009553170965554365  0.0009553170965554365  1.6648245083137426e-6
0.058  1.0000018491067166  0.0010064983541079823  0.0010064983541079823  1.8491067164933571e-6
0.059  1.0000020298363061  0.001059445795986791  0.001059445795986791  2.0298363061441987e-6
0.06  1.0000022049836292  0.001114185901311787  0.001114185901311787  2.204983629175561e-6
0.061  1.0000023725190375  0.0011707451492028963  0.0011707451492028963  2.3725190374967353e-6
0.062  1.0000025304128832  0.0012291500187800424  0.0012291500187800424  2.5304128830170273e-6
0.063  1.0000026766355177  0.0012894269891631511  0.0012894269891631511  2.6766355176457223e-6
0.064  1.0000028091572932  0.0013516025394721468  0.0013516025394721468  2.8091572932921185e-6
0.065  1.0000029259485619  0.0014157031488269537  0.0014157031488269537  2.9259485618655102e-6
0.066  1.0000030249796754  0.0014817552963474975  0.0014817552963474975  3.024979675275195e-6
0.067  1.0000031042209854  0.0015497854611537033  0.0015497854611537033  3.1042209854304673e-6
0.068  1.0000031616428444  0.0016198201223654937  0.0016198201223654937  3.1616428442406335e-6
0.069  1.0000031952156037  0.0016918857591027962  0.0016918857591027962  3.195215603614956e-6
0.07  1.0000032029096155  0.001766008850485534  0.001766008850485534  3.2029096154627664e-6
0.071  1.0000031826952318  0.0018422158756336324  0.0018422158756336324  3.1826952316933424e-6
0.072  1.0000031325428043  0.001920533313667016  0.001920533313667016  3.1325428042159683e-6
0.073  1.000003050422685  0.0020009876437056097  0.0020009876437056097  3.0504226849399687e-6
0.074  1.000002934305226  0.0020836053448693376  0.0020836053448693376  2.934305225774619e-6
0.075  1.0000027821607786  0.0021684128962781257  0.0021684128962781257  2.7821607786292168e-6
0.076  1.0000025919596955  0.002255436777051899  0.002255436777051899  2.5919596954130627e-6
0.077  1.0000023616723281  0.00234470346631058  0.00234470346631058  2.36167232803545e-6
0.078  1.0000020892690284  0.0024362394431740957  0.0024362394431740957  2.089269028405662e-6
0.079  1.0000017727201487  0.00253007118676237  0.00253007118676237  1.7727201484330162e-6
0.08  1.0000014099960401  0.0026262251761953286  0.0026262251761953286  1.409996040026785e-6
0.081  1.000000999067055  0.0027247278905928947  0.0027247278905928947  9.99067055096282e-7
0.082  1.0000005379035457  0.002825605809074994  0.002825605809074994  5.379035455507946e-7
0.083  1.0000000244758633  0.0029288854107615524  0.0029288854107615524  2.44758632996021e-8
0.084  0.9999994567543603  0.0030345931747724915  0.0030345931747724915  5.43245639747958e-7
0.085  0.9999988327093884  0.0031427555802277392  0.0031427555802277392  1.1672906116826285e-6
0.086  0.9999981503112995  0.00325339910624722  0.00325339910624722  1.8496887005951077e-6
0.087  0.9999974075304455  0.0033665502319508572  0.0033665502319508572  2.592469554576101e-6
0.088  0.9999966023371784  0.0034822354364585756  0.0034822354364585756  3.3976628217162856e-6
0.089  0.9999957327018499  0.003600481198890302  0.003600481198890302  4.267298150106406e-6
0.09  0.9999947965948122  0.00372131399836596  0.00372131399836596  5.203405187837148e-6
0.091  0.9999937919864171  0.0038447603140054727  0.0038447603140054727  6.208013582999203e-6
0.092  0.9999927168470164  0.003970846624928766  0.003970846624928766  7.283152983683289e-6
0.093  0.9999915691469621  0.0040995994102557675  0.0040995994102557675  8.430853037980136e-6
0.094  0.9999903468566061  0.004231045149106398  0.004231045149106398  9.653143393980406e-6
0.095  0.9999890479463003  0.004365210320600585  0.004365210320600585  1.0952053699774826e-5
0.096  0.9999876703863966  0.004502121403858251  0.004502121403858251  1.2329613603454093e-5
0.097  0.999986212147247  0.004641804877999323  0.004641804877999323  1.3787852753108932e-5
0.098  0.9999846711992032  0.0047842872221437235  0.0047842872221437235  1.5328800796830024e-5
0.099  0.9999830455126174  0.004929594915411379  0.004929594915411379  1.6954487382708076e-5
0.1  0.9999813330578413  0.005077754436922215  0.005077754436922215  1.8666942158833806e-5
0.101  0.9999795318052268  0.0052287922657961545  0.0052287922657961545  2.0468194773297898e-5
0.102  0.999977639725126  0.005382734881153121  0.005382734881153121  2.2360274874191072e-5
0.103  0.9999756547878905  0.005539608762113043  0.005539608762113043  2.4345212109604025e-5
0.104  0.9999735749638724  0.005699440387795844  0.005699440387795844  2.64250361276275e-5
0.105  0.9999713982234237  0.005862256237321448  0.005862256237321448  2.8601776576352133e-5
0.106  0.9999691225368962  0.006028082789809776  0.006028082789809776  3.0877463103868644e-5
0.107  0.9999667458746418  0.006196946524380764  0.006196946524380764  3.325412535826782e-5
0.108  0.9999642662070125  0.006368873920154325  0.006368873920154325  3.573379298764025e-5
0.109  0.99996168150436  0.0065438914562503895  0.0065438914562503895  3.8318495640076725e-5
0.11  0.9999589897370363  0.006722025611788883  0.006722025611788883  4.101026296366793e-5
0.111  0.9999561888753936  0.006903302865889725  0.006903302865889725  4.3811124606504535e-5
0.112  0.9999532768897834  0.0070877496976728465  0.0070877496976728465  4.672311021667727e-5
0.113  0.9999502517505577  0.007275392586258167  0.007275392586258167  4.974824944227683e-5
0.114  0.9999471114280687  0.007466258010765617  0.007466258010765617  5.288857193139396e-5
0.115  0.9999438538926679  0.007660372450315117  0.007660372450315117  5.61461073321193e-5
0.116  0.9999404771147075  0.00785776238402659  0.00785776238402659  5.952288529254358e-5
0.117  0.9999369790645394  0.008058454291019968  0.008058454291019968  6.302093546075755e-5
0.118  0.9999333577125152  0.008262474650415172  0.008262474650415172  6.664228748485185e-5
0.119  0.9999296110289871  0.008469849941332123  0.008469849941332123  7.03889710129172e-5
0.12  0.9999257369843071  0.00868060664289075  0.00868060664289075  7.426301569304431e-5
0.121  0.9999217335488267  0.008894771234210978  0.008894771234210978  7.826645117332395e-5
0.122  0.9999175986928983  0.009112370194412729  0.009112370194412729  8.24013071018467e-5
0.123  0.9999133303868735  0.00933343000261593  0.00933343000261593  8.666961312670335e-5
0.124  0.9999089266011041  0.009557977137940505  0.009557977137940505  9.107339889598458e-5
0.125  0.9999043853059424  0.009786038079506383  0.009786038079506383  9.561469405778113e-5
0.126  0.9998997044717399  0.010017639306433481  0.010017639306433481  0.00010029552826018364
0.127  0.9998948820688488  0.010252807297841728  0.010252807297841728  0.00010511793115128286
0.128  0.9998899173216533  0.010491569897430773  0.010491569897430773  0.00011008267834670919
0.129  0.9998848381208014  0.010733985518052502  0.010733985518052502  0.00011516187919868832
0.13  0.9998796480198412  0.010980084480880751  0.010980084480880751  0.00012035198015890944
0.131  0.9998743354293517  0.011229880383703298  0.011229880383703298  0.00012566457064845616
0.132  0.9998688887599116  0.011483386824307907  0.011483386824307907  0.00013111124008841212
0.133  0.9998632964221003  0.011740617400482363  0.011740617400482363  0.00013670357789986084
0.134  0.9998575468264962  0.012001585710014426  0.012001585710014426  0.000142453173503886
0.135  0.9998516283836786  0.012266305350691878  0.012266305350691878  0.00014837161632157112
0.136  0.999845529504226  0.012534789920302486  0.012534789920302486  0.00015447049577399985
0.137  0.9998392385987178  0.012807053016634026  0.012807053016634026  0.0001607614012822557
0.138  0.9998327440777327  0.01308310823747427  0.01308310823747427  0.00016725592226742248
0.139  0.9998260343518496  0.013362969180610989  0.013362969180610989  0.0001739656481505834
0.14  0.9998190978316472  0.013646649443831956  0.013646649443831956  0.0001809021683528225
0.141  0.9998119229277048  0.013934162624924945  0.013934162624924945  0.0001880770722952232
0.142  0.9998044980506012  0.014225522321677729  0.014225522321677729  0.00019550194939886887
0.143  0.9997968116109153  0.014520742131878076  0.014520742131878076  0.00020318838908484345
0.144  0.999788852019226  0.014819835653313764  0.014819835653313764  0.0002111479807742303
0.145  0.9997806076861121  0.015122816483772566  0.015122816483772566  0.0002193923138881132
0.146  0.9997720670221524  0.015429698221042247  0.015429698221042247  0.00022793297784757572
0.147  0.9997632184379264  0.01574049446291059  0.01574049446291059  0.0002367815620737012
0.148  0.9997540503440125  0.01605521880716536  0.01605521880716536  0.0002459496559875735
0.149  0.9997445511509899  0.016373884851594328  0.016373884851594328  0.0002554488490102761
0.15  0.9997347092694372  0.01669650619398528  0.01669650619398528  0.0002652907305628928
0.151  0.9997245131099337  0.01702309643212597  0.01702309643212597  0.00027548689006650696
0.152  0.9997139510830579  0.017353669163804184  0.017353669163804184  0.00028604891694220214
0.153  0.999703011599389  0.01768823798680769  0.01768823798680769  0.00029698840061106226
0.154  0.999691683069506  0.01802681649892426  0.01802681649892426  0.0003083169304941704
0.155  0.9996799539039876  0.01836941829794167  0.01836941829794167  0.00032004609601261083
0.156  0.9996678125134126  0.018716056981647692  0.018716056981647692  0.0003321874865874666
0.157  0.9996552473083602  0.01906674614783009  0.01906674614783009  0.0003447526916398215
0.158  0.9996422466994093  0.019421499394276648  0.019421499394276648  0.0003577533005907592
0.159  0.9996287990971386  0.019780330318775137  0.019780330318775137  0.00037120090286136317
0.16  0.9996148929121274  0.020143252519113322  0.020143252519113322  0.0003851070878727169
0.161  0.9996005165549542  0.020510279593078985  0.020510279593078985  0.00039948344504590444
0.162  0.9995856584361982  0.020881425138459888  0.020881425138459888  0.0004143415638020086
0.163  0.999570306966438  0.021256702753043814  0.021256702753043814  0.00042969303356211395
0.164  0.9995544505562528  0.02163612603461853  0.02163612603461853  0.00044554944374730333
0.165  0.9995380776162215  0.02201970858097181  0.02201970858097181  0.0004619223837786607
0.166  0.9995211765569229  0.02240746398989142  0.02240746398989142  0.0004788234430772695
0.167  0.9995037357889359  0.02279940585916515  0.02279940585916515  0.0004962642110642133
0.168  0.9994857437228394  0.023195547786580756  0.023195547786580756  0.000514256277160576
0.169  0.9994671887692126  0.02359590336992602  0.02359590336992602  0.0005328112307874407
0.17  0.9994480593386342  0.024000486206988705  0.024000486206988705  0.0005519406613658914
0.171  0.9994283438416831  0.02440930989555659  0.02440930989555659  0.0005716561583170115
0.172  0.9994080306889382  0.024822388033417454  0.024822388033417454  0.000591969311061885
0.173  0.9993871082909784  0.025239734218359056  0.025239734218359056  0.000612891709021595
0.174  0.9993655650583829  0.025661362048169174  0.025661362048169174  0.0006344349416172251
0.175  0.9993433894017302  0.02608728512063559  0.02608728512063559  0.0006566105982698592
0.176  0.9993205697315996  0.026517517033546066  0.026517517033546066  0.0006794302684005809
0.177  0.9992970944585696  0.026952071384688372  0.026952071384688372  0.0007029055414304732
0.178  0.9992729519932195  0.027390961771850283  0.027390961771850283  0.0007270480067806204
0.179  0.999248130746128  0.027834201792819587  0.027834201792819587  0.0007518692538721059
0.18  0.9992226191278741  0.028281805045384037  0.028281805045384037  0.0007773808721260135
0.181  0.9991964055490367  0.028733785127331414  0.028733785127331414  0.000803594450963426
0.182  0.9991694784201947  0.029190155636449482  0.029190155636449482  0.0008305215798054277
0.183  0.9991418261519269  0.029650930170526033  0.029650930170526033  0.0008581738480731022
0.184  0.9991134371548126  0.030116122327348824  0.030116122327348824  0.0008865628451875329
0.185  0.9990842998394303  0.03058574570470562  0.03058574570470562  0.0009157001605698033
0.186  0.9990544026163591  0.031059813900384217  0.031059813900384217  0.0009455973836409973
0.187  0.9990237338961779  0.03153834051217237  0.03153834051217237  0.000976266103822198
0.188  0.9989922820894657  0.03202133913785786  0.03202133913785786  0.0010077179105344896
0.189  0.9989600356068011  0.03250882337522845  0.03250882337522845  0.0010399643931989556
0.19  0.9989269828587635  0.03300080682207193  0.03300080682207193  0.0010730171412366787
0.191  0.9988931122559314  0.03349730307617605  0.03349730307617605  0.0011068877440687437
0.192  0.9988584122088839  0.0339983257353286  0.0339983257353286  0.0011415877911162334
0.193  0.9988228711281999  0.03450388839731735  0.03450388839731735  0.0011771288718002324
0.194  0.9987864774244584  0.03501400465993007  0.03501400465993007  0.001213522575541823
0.195  0.998749219508238  0.03552868812095452  0.03552868812095452  0.0012507804917620893
0.196  0.998711085790118  0.0360479523781785  0.0360479523781785  0.0012889142098821153
0.197  0.9986720646806772  0.036571811029389764  0.036571811029389764  0.0013279353193229844
0.198  0.9986321445904943  0.03710027767237608  0.03710027767237608  0.0013678554095057796
0.199  0.9985913139301485  0.037633365904925234  0.037633365904925234  0.0014086860698515854
0.2  0.9985495611102186  0.038171089324824985  0.038171089324824985  0.0014504388897814847
0.201  0.9985068745412835  0.03871346152986313  0.03871346152986313  0.0014931254587165618
0.202  0.9984632426339223  0.03926049611782741  0.03926049611782741  0.0015367573660778995
0.203  0.9984186537987135  0.039812206686505626  0.039812206686505626  0.0015813462012865816
0.204  0.9983730964462365  0.040368606833685525  0.040368606833685525  0.0016269035537636919
0.205  0.9983265589870698  0.0409297101571549  0.0409297101571549  0.001673441012930314
0.206  0.9982790298317926  0.04149553025470152  0.04149553025470152  0.001720970168207532
0.207  0.9982304973909837  0.04206608072411314  0.04206608072411314  0.0017695026090164285
0.208  0.9981809500752221  0.04264137516317756  0.04264137516317756  0.0018190499247780875
0.209  0.9981303762950865  0.04322142716968253  0.04322142716968253  0.0018696237049135925
0.21  0.9980787644611562  0.04380625034141584  0.04380625034141584  0.0019212355388440283
0.211  0.9980261029840096  0.04439585827616524  0.04439585827616524  0.001973897015990476
0.212  0.9979723802742262  0.04499026457171853  0.04499026457171853  0.002027619725774021
0.213  0.9979175847423843  0.045589482825863455  0.045589482825863455  0.0020824152576157467
0.214  0.9978617047990634  0.046193526636387816  0.046193526636387816  0.0021382952009367366
0.215  0.9978047288548421  0.04680240960107937  0.04680240960107937  0.0021952711451580747
0.216  0.997746638536177  0.04741614204878275  0.04741614204878275  0.0022533614638231454
0.217  0.9976873771837587  0.048034710751903846  0.048034710751903846  0.0023126228162413578
0.218  0.99762691586104  0.048658107869207885  0.048658107869207885  0.0023730841389600723
0.219  0.9975652320492973  0.0492863280791821  0.0492863280791821  0.0024347679507028845
0.22  0.9975023032298067  0.049919366060313664  0.049919366060313664  0.0024976967701933923
0.221  0.9974381068838448  0.050557216491089824  0.050557216491089824  0.0025618931161551914
0.222  0.9973726204926883  0.05119987404999776  0.05119987404999776  0.0026273795073118783
0.223  0.997305821537613  0.0518473334155247  0.0518473334155247  0.0026941784623870494
0.224  0.9972376874998958  0.05249958926615783  0.05249958926615783  0.002762312500104302
0.225  0.9971681958608128  0.05315663628038439  0.05315663628038439  0.002831804139187232
0.226  0.9970973241016408  0.05381846913669157  0.05381846913669157  0.002902675898359436
0.227  0.9970250497036556  0.05448508251356659  0.05448508251356659  0.00297495029634451
0.228  0.9969513501481341  0.05515647108949665  0.05515647108949665  0.003048649851866052
0.229  0.9968762029163524  0.05583262954296896  0.05583262954296896  0.0031237970836476576
0.23  0.9967995854895872  0.05651355255247074  0.05651355255247074  0.0032004145104129232
0.231  0.9967214753491146  0.05719923479648918  0.05719923479648918  0.003278524650885446
0.232  0.9966418499762112  0.05788967095351152  0.05788967095351152  0.0033581500237888215
0.233  0.9965606868521535  0.058584855702024936  0.058584855702024936  0.003439313147846647
0.234  0.9964779634582176  0.059284783720516675  0.059284783720516675  0.003522036541782519
0.235  0.9963936572756801  0.05998944968747391  0.05998944968747391  0.003606342724320034
0.236  0.9963077457858174  0.06069884828138387  0.06069884828138387  0.0036922542141827872
0.237  0.9962202064699057  0.06141297418073375  0.06141297418073375  0.0037797935300943773
0.238  0.9961310168092217  0.06213182206401079  0.06213182206401079  0.0038689831907783995
0.239  0.9960401542850417  0.06285538660970216  0.06285538660970216  0.003959845714958451
0.24  0.995947596378642  0.0635836624962951  0.0635836624962951  0.004052403621358129
0.241  0.995853320571299  0.0643166444022768  0.0643166444022768  0.004146679428701027
0.242  0.9957573043442893  0.06505432700613448  0.06505432700613448  0.004242695655710744
0.243  0.9956595251788891  0.06579670498635536  0.06579670498635536  0.004340474821110877
0.244  0.9955599605563751  0.06654377302142661  0.06654377302142661  0.004440039443625021
0.245  0.9954585879580233  0.06729552578983548  0.06729552578983548  0.004541412041976774
0.246  0.9953553848651104  0.06805195797006919  0.06805195797006919  0.004644615134889732
0.247  0.9952503287589126  0.0688130642406149  0.0688130642406149  0.00474967124108749
0.248  0.9951433971207065  0.06957883927995984  0.06957883927995984  0.0048566028792936455
0.249  0.9950345674317683  0.07034927776659124  0.07034927776659124  0.004965432568231796
0.25  0.9949238171733745  0.0711243743789963  0.0711243743789963  0.005076182826625539
0.251  0.9948111238268016  0.0719041237956622  0.0719041237956622  0.005188876173198467
0.252  0.994696464873326  0.0726885206950762  0.0726885206950762  0.00530353512667418
0.253  0.9945798177942239  0.07347755975572547  0.07347755975572547  0.005420182205776273
0.254  0.9944611600707718  0.07427123565609722  0.07427123565609722  0.005538839929228342
0.255  0.9943404691842462  0.0750695430746787  0.0750695430746787  0.005659530815753987
0.256  0.9942177226159233  0.07587247668995707  0.07587247668995707  0.0057822773840768005
0.257  0.9940928978470798  0.07668003118041956  0.07668003118041956  0.00590710215292038
0.258  0.9939659723589918  0.07749220122455341  0.07749220122455341  0.0060340276410083245
0.259  0.9938369236329359  0.07830898150084577  0.07830898150084577  0.006163076367064227
0.26  0.9937057291501885  0.07913036668778389  0.07913036668778389  0.006294270849811686
0.261  0.9935723663920258  0.07995635146385498  0.07995635146385498  0.006427633607974298
0.262  0.9934368128397244  0.08078693050754622  0.08078693050754622  0.006563187160275659
0.263  0.9932990459745609  0.08162209849734485  0.08162209849734485  0.006700954025439365
0.264  0.9931590432778111  0.08246185011173805  0.08246185011173805  0.006840956722189015
0.265  0.993016782230752  0.08330618002921308  0.08330618002921308  0.006983217769248202
0.266  0.9928722403146596  0.08415508292825709  0.08415508292825709  0.007127759685340526
0.267  0.9927253950108105  0.08500855348735732  0.08500855348735732  0.007274604989189581
0.268  0.9925762238004812  0.08586658638500098  0.08586658638500098  0.007423776199518966
0.269  0.9924247041649479  0.08672917629967529  0.08672917629967529  0.007575295835052274
0.27  0.992270813585487  0.08759631790986744  0.08759631790986744  0.007729186414513104
0.271  0.9921145295433751  0.08846800589406463  0.08846800589406463  0.007885470456625052
0.272  0.9919558295198885  0.0893442349307541  0.0893442349307541  0.008044170480111712
0.273  0.9917946909963035  0.09022499969842304  0.09022499969842304  0.008205309003696688
0.274  0.9916310914538966  0.09111029487555865  0.09111029487555865  0.00836890854610357
0.275  0.9914650083739441  0.09200011514064817  0.09200011514064817  0.008534991626055954
0.276  0.9912964192377227  0.09289445517217879  0.09289445517217879  0.008703580762277442
0.277  0.9911253015265086  0.09379330964863772  0.09379330964863772  0.008874698473491623
0.278  0.990951632721578  0.09469667324851216  0.09469667324851216  0.009048367278422101
0.279  0.9907753903042076  0.09560454065028937  0.09560454065028937  0.009224609695792469
0.28  0.9905965517556738  0.09651690653245648  0.09651690653245648  0.009403448244326323
0.281  0.9904150945572529  0.09743376557350075  0.09743376557350075  0.00958490544274726
0.282  0.9902309961902213  0.0983551124519094  0.0983551124519094  0.009769003809778878
0.283  0.9900442341358553  0.09928094184616959  0.09928094184616959  0.009955765864144771
0.284  0.9898547858754316  0.10021124843476857  0.10021124843476857  0.010145214124568537
0.285  0.9896626208442539  0.10114602289684595  0.10114602289684595  0.010337379155746118
0.286  0.9894676769267482  0.10208523269805894  0.10208523269805894  0.01053232307325192
0.287  0.9892699251298536  0.10302885122409224  0.10302885122409224  0.010730074870146647
0.288  0.9890693415990258  0.10397685379720839  0.10397685379720839  0.010930658400974453
0.289  0.9888659024797206  0.10492921573966994  0.10492921573966994  0.01113409752027948
0.29  0.9886595839173943  0.10588591237373944  0.10588591237373944  0.011340416082605883
0.291  0.9884503620575024  0.10684691902167948  0.10684691902167948  0.0115496379424978
0.292  0.9882382130455007  0.10781221100575257  0.10781221100575257  0.011761786954499387
0.293  0.9880231130268453  0.10878176364822127  0.10878176364822127  0.011976886973154788
0.294  0.987805038146992  0.10975555227134814  0.10975555227134814  0.012194961853008151
0.295  0.9875839645513964  0.11073355219739574  0.11073355219739574  0.012416035448603625
0.296  0.9873598683855148  0.11171573874862661  0.11171573874862661  0.012640131614485354
0.297  0.9871327257948027  0.11270208724730334  0.11270208724730334  0.01286727420519749
0.298  0.986902512924716  0.1136925730156884  0.1136925730156884  0.013097487075284178
0.299  0.9866692059207105  0.11468717137604441  0.11468717137604441  0.013330794079289568
0.3  0.9864327809282424  0.11568585765063394  0.11568585765063394  0.013567219071757805
0.301  0.9861932140927672  0.11668860716171947  0.11668860716171947  0.013806785907233035
0.302  0.9859504815597406  0.11769539523156361  0.11769539523156361  0.014049518440259413
0.303  0.985704559474619  0.11870619718242888  0.11870619718242888  0.014295440525381078
0.304  0.985455423982858  0.11972098833657786  0.11972098833657786  0.01454457601714218
0.305  0.9852030512299133  0.12073974401627309  0.12073974401627309  0.01479694877008687
0.306  0.9849474173612409  0.12176243954377712  0.12176243954377712  0.015052582638759296
0.307  0.9846884985222966  0.12278905024135252  0.12278905024135252  0.0153115014777036
0.308  0.9844262708585362  0.1238195514312618  0.1238195514312618  0.015573729141463936
0.309  0.9841607105154156  0.12485391843576756  0.12485391843576756  0.015839289484584445
0.31  0.9838917936383907  0.12589212657713234  0.12589212657713234  0.01610820636160928
0.311  0.9836194963729175  0.12693415117761866  0.12693415117761866  0.01638050362708259
0.312  0.9833437948644517  0.12797996755948915  0.12797996755948915  0.016656205135548514
0.313  0.9830646652584489  0.12902955104500627  0.12902955104500627  0.01693533474155121
0.314  0.9827820837003653  0.13008287695643259  0.13008287695643259  0.017217916299634813
0.315  0.9824960263356567  0.13113992061603075  0.13113992061603075  0.017503973664343482
0.316  0.9822064693097787  0.1322006573460632  0.1322006573460632  0.01779353069022136
0.317  0.9819133887681875  0.13326506246879252  0.13326506246879252  0.018086611231812603
0.318  0.9816167608563388  0.13433311130648135  0.13433311130648135  0.018383239143661346
0.319  0.9813165617196883  0.1354047791813921  0.1354047791813921  0.018683438280311736
0.32  0.9810127675036922  0.1364800414157874  0.1364800414157874  0.018987232496307935
0.321  0.9807053543538061  0.13755887333192982  0.13755887333192982  0.019294645646194084
0.322  0.9803942984154859  0.13864125025208185  0.13864125025208185  0.01960570158451432
0.323  0.9800795758341874  0.13972714749850612  0.13972714749850612  0.0199204241658128
0.324  0.9797611627553664  0.1408165403934651  0.1408165403934651  0.020238837244633677
0.325  0.9794390353244791  0.1419094042592214  0.1419094042592214  0.020560964675521088
0.326  0.9791131696869809  0.14300571441803756  0.14300571441803756  0.020886830313019186
0.327  0.978783541988328  0.14410544619217616  0.14410544619217616  0.021216458011672122
0.328  0.9784501283739762  0.1452085749038997  0.1452085749038997  0.021549871626024033
0.329  0.9781129049893811  0.14631507587547077  0.14631507587547077  0.021887095010619074
0.33  0.9777718479799987  0.14742492442915187  0.14742492442915187  0.022228152020001397
0.331  0.977426933491285  0.14853809588720565  0.14853809588720565  0.022573066508715142
0.332  0.9770781376686957  0.14965456557189455  0.14965456557189455  0.022921862331304457
0.333  0.9767254366576866  0.15077430880548118  0.15077430880548118  0.02327456334231349
0.334  0.9763688066037137  0.15189730091022813  0.15189730091022813  0.023631193396286398
0.335  0.9760082236522328  0.15302351720839788  0.15302351720839788  0.02399177634776731
0.336  0.9756436639486997  0.154152933022253  0.154152933022253  0.02435633605130039
0.337  0.9752751036385703  0.1552855236740561  0.1552855236740561  0.02472489636142978
0.338  0.9749025188673004  0.15642126448606966  0.15642126448606966  0.025097481132699627
0.339  0.974525885780346  0.15756013078055628  0.15756013078055628  0.02547411421965408
0.34  0.9741451805231629  0.15870209787977851  0.15870209787977851  0.02585481947683729
0.341  0.9737603792412067  0.15984714110599885  0.15984714110599885  0.02623962075879339
0.342  0.9733714580799335  0.1609952357814799  0.1609952357814799  0.026628541920066546
0.343  0.9729783931847992  0.16214635722848425  0.16214635722848425  0.0270216068152009
0.344  0.9725811607012596  0.16330048076927436  0.16330048076927436  0.027418839298740595
0.345  0.9721797367747703  0.16445758172611286  0.16445758172611286  0.027820263225229777
0.346  0.9717740868544732  0.1656176196750794  0.1656176196750794  0.028225913145526856
0.347  0.9713641746162267  0.16678053456344144  0.16678053456344144  0.028635825383773423
0.348  0.9709499860374481  0.16794628659624453  0.16794628659624453  0.029050013962551982
0.349  0.9705315074425713  0.16911483638434624  0.16911483638434624  0.02946849255742882
0.35  0.9701087251560299  0.17028614453860408  0.17028614453860408  0.029891274843970226
0.351  0.9696816255022577  0.17146017166987565  0.17146017166987565  0.030318374497742488
0.352  0.9692501948056883  0.17263687838901845  0.17263687838901845  0.030749805194311895
0.353  0.9688144193907553  0.17381622530689  0.17381622530689  0.031185580609244732
0.354  0.9683742855818928  0.17499817303434795  0.17499817303434795  0.0316257144181073
0.355  0.9679297797035342  0.17618268218224975  0.17618268218224975  0.03207022029646587
0.356  0.9674808880801135  0.177369713361453  0.177369713361453  0.032519111919886746
0.357  0.9670275970360639  0.17855922718281522  0.17855922718281522  0.032972402963936207
0.358  0.9665698928958196  0.1797511842571939  0.1797511842571939  0.03343010710418054
0.359  0.966107761983814  0.18094554519544673  0.18094554519544673  0.03389223801618604
0.36  0.9656411906244812  0.18214227060843116  0.18214227060843116  0.034358809375519
0.361  0.9651701651422543  0.1833413211070047  0.1833413211070047  0.0348298348577457
0.362  0.9646946718615677  0.18454265730202496  0.18454265730202496  0.03530532813843242
0.363  0.9642146971068546  0.18574623980434946  0.18574623980434946  0.03578530289314548
0.364  0.9637302272025491  0.1869520292248358  0.1869520292248358  0.03626977279745113
0.365  0.9632412484730843  0.18815998617434143  0.18815998617434143  0.036758751526915684
0.366  0.9627477472428947  0.18937007126372396  0.18937007126372396  0.037252252757105433
0.367  0.9622497098364134  0.19058224510384092  0.19058224510384092  0.03775029016358664
0.368  0.9617471225780745  0.19179646830554986  0.19179646830554986  0.03825287742192562
0.369  0.9612399717923116  0.19301270147970834  0.19301270147970834  0.03876002820768865
0.37  0.9607282438035581  0.19423090523717387  0.19423090523717387  0.03927175619644202
0.371  0.9602119249362481  0.195451040188804  0.195451040188804  0.03978807506375201
0.372  0.9596910015148151  0.19667306694545633  0.19667306694545633  0.04030899848518493
0.373  0.959165459863693  0.19789694611798833  0.19789694611798833  0.04083454013630705
0.374  0.9586352863073155  0.1991226383172576  0.1991226383172576  0.041364713692684664
0.375  0.9581004671701161  0.20035010415412166  0.20035010415412166  0.04189953282988406
0.376  0.9575609887765285  0.20157930423943807  0.20157930423943807  0.04243901122347154
0.377  0.9570168374509868  0.20281019918406434  0.20281019918406434  0.04298316254901336
0.378  0.9564679995179243  0.20404274959885807  0.20404274959885807  0.04353200048207584
0.379  0.9559144613017748  0.20527691609467677  0.20527691609467677  0.044085538698225256
0.38  0.9553562091269722  0.20651265928237802  0.20651265928237802  0.0446437908730279
0.381  0.9547932293179501  0.2077499397728193  0.2077499397728193  0.04520677068205006
0.382  0.9542255081991421  0.20898871817685824  0.20898871817685824  0.045774491800858026
0.383  0.9536530320949821  0.2102289551053523  0.2102289551053523  0.046346967905018084
0.384  0.9530757873299035  0.2114706111691591  0.2114706111691591  0.04692421267009651
0.385  0.9524937602283404  0.21271364697913617  0.21271364697913617  0.047506239771659624
0.386  0.9519069371147264  0.21395802314614099  0.21395802314614099  0.04809306288527369
0.387  0.9513153043134951  0.2152037002810312  0.2152037002810312  0.04868469568650499
0.388  0.9507188481490803  0.2164506389946643  0.2164506389946643  0.049281151850919844
0.389  0.9501175549459155  0.2176987998978978  0.2176987998978978  0.049882445054084505
0.39  0.9495114110284348  0.21894814360158932  0.21894814360158932  0.05048858897156529
0.391  0.9489004027210716  0.22019863071659634  0.22019863071659634  0.05109959727892847
0.392  0.9482845163482597  0.22145022185377644  0.22145022185377644  0.05171548365174034
0.393  0.947663738234433  0.2227028776239872  0.2227028776239872  0.052336261765567195
0.394  0.9470380547040248  0.22395655863808606  0.22395655863808606  0.05296194529597531
0.395  0.9464074520814691  0.22521122550693068  0.22521122550693068  0.053592547918530985
0.396  0.9457719166911996  0.22646683884137855  0.22646683884137855  0.0542280833088005
0.397  0.9451314348576498  0.2277233592522872  0.2277233592522872  0.054868565142350154
0.398  0.9444859929052538  0.2289807473505142  0.2289807473505142  0.05551400709474622
0.399  0.9438355771559596  0.2302389637281627  0.2302389637281627  0.056164422844040475
0.4  0.9431801743613634  0.23149794780208793  0.23149794780208793  0.05681982563863678
0.401  0.9425197832600715  0.23275763766539512  0.23275763766539512  0.057480216739928716
0.402  0.9418544077014009  0.23401798843753432  0.23401798843753432  0.05814559229859907
0.403  0.9411840515346694  0.2352789552379555  0.2352789552379555  0.0588159484653307
0.404  0.9405087186091937  0.23654049318610867  0.23654049318610867  0.05949128139080638
0.405  0.9398284127742912  0.23780255740144385  0.23780255740144385  0.06017158722570894
0.406  0.9391431378792788  0.23906510300341102  0.23906510300341102  0.0608568621207212
0.407  0.9384528977734741  0.24032808511146025  0.24032808511146025  0.06154710222652598
0.408  0.937757696306194  0.24159145884504152  0.24159145884504152  0.062242303693806074
0.409  0.9370575373267558  0.2428551793236048  0.2428551793236048  0.06294246267324431
0.41  0.9363524246844765  0.24411920166660017  0.24411920166660017  0.0636475753155235
0.411  0.9356423622286736  0.2453834809934776  0.2453834809934776  0.06435763777132646
0.412  0.9349273538086642  0.2466479724236871  0.2466479724236871  0.065072646191336
0.413  0.9342074032737652  0.24791263107667869  0.24791263107667869  0.06579259672623491
0.414  0.9334825144732939  0.24917741207190236  0.24917741207190236  0.06651748552670605
0.415  0.932752691256568  0.25044227052880813  0.25044227052880813  0.06724730874343222
0.416  0.9320179374729037  0.25170716156684597  0.25170716156684597  0.06798206252709621
0.417  0.9312782569716191  0.252972040305466  0.252972040305466  0.06872174302838087
0.418  0.9305336536020311  0.25423686186411815  0.25423686186411815  0.06946634639796899
0.419  0.9297841312134566  0.2555015813622524  0.2555015813622524  0.07021586878654339
0.42  0.9290296936552132  0.2567661539193188  0.2567661539193188  0.07097030634478688
0.421  0.9282703447766177  0.2580305346547674  0.2580305346547674  0.07172965522338227
0.422  0.9275060884269877  0.2592946786880481  0.2592946786880481  0.07249391157301238
0.423  0.92673692845564  0.26055854113861104  0.26055854113861104  0.07326307154436004
0.424  0.925962868711892  0.2618220771259061  0.2618220771259061  0.07403713128810804
0.425  0.9251839130450609  0.2630852417693834  0.2630852417693834  0.07481608695493921
0.426  0.9244000653044637  0.2643479901884928  0.2643479901884928  0.07559993469553637
0.427  0.9236113293394177  0.2656102775026845  0.2656102775026845  0.07638867066058232
0.428  0.9228177089992402  0.2668720588314084  0.2668720588314084  0.07718229100075988
0.429  0.9220192081332482  0.26813328929411456  0.26813328929411456  0.07798079186675184
0.43  0.921215830590759  0.2693939240102529  0.2693939240102529  0.07878416940924104
0.431  0.9204075802210897  0.2706539180992736  0.2706539180992736  0.07959241977891032
0.432  0.9195944608735577  0.27191322668062645  0.27191322668062645  0.08040553912644244
0.433  0.9187764763974798  0.2731718048737616  0.2731718048737616  0.08122352360252023
0.434  0.9179536306421735  0.274429607798129  0.274429607798129  0.08204636935782653
0.435  0.917125927456956  0.27568659057317874  0.27568659057317874  0.08287407254304413
0.436  0.9162933706911441  0.2769427083183607  0.2769427083183607  0.08370662930885586
0.437  0.9154559641940555  0.278197916153125  0.278197916153125  0.08454403580594451
0.438  0.9146137118150072  0.2794521691969216  0.2794521691969216  0.08538628818499291
0.439  0.9137666174033162  0.28070542256920045  0.28070542256920045  0.08623338259668388
0.44  0.9129146848082998  0.2819576313894117  0.2819576313894117  0.08708531519170022
0.441  0.9120579178792753  0.2832087507770053  0.2832087507770053  0.08794208212072477
0.442  0.9111963204655598  0.2844587358514313  0.2844587358514313  0.08880367953444031
0.443  0.9103298964164704  0.2857075417321395  0.2857075417321395  0.08967010358352967
0.444  0.9094586495813243  0.2869551235385802  0.2869551235385802  0.09054135041867567
0.445  0.9085825838094389  0.28820143639020324  0.28820143639020324  0.09141741619056111
0.446  0.9077017029501312  0.28944643540645865  0.28944643540645865  0.09229829704986883
0.447  0.9068160108527185  0.29069007570679645  0.29069007570679645  0.09318398914728161
0.448  0.9059255123635004  0.2919323107412778  0.2919323107412778  0.09407448763649968
0.449  0.9050302284822189  0.29317307776725526  0.29317307776725526  0.09496977151778106
0.45  0.9041301835274304  0.29441233061458116  0.29441233061458116  0.09586981647256954
0.451  0.9032253998254864  0.29565002890052033  0.29565002890052033  0.09677460017451366
0.452  0.9023158997027381  0.29688613224233734  0.29688613224233734  0.09768410029726204
0.453  0.9014017054855368  0.29812060025729703  0.29812060025729703  0.09859829451446331
0.454  0.900482839500234  0.2993533925626642  0.2993533925626642  0.09951716049976601
0.455  0.8995593240731813  0.30058446877570366  0.30058446877570366  0.10044067592681881
0.456  0.8986311815307297  0.3018137885136801  0.3018137885136801  0.10136881846927026
0.457  0.897698434199231  0.3030413113938583  0.3030413113938583  0.10230156580076896
0.458  0.8967611044050364  0.30426699703350313  0.30426699703350313  0.10323889559496353
0.459  0.8958192144744975  0.3054908050498793  0.3054908050498793  0.10418078552550256
0.46  0.8948727867339654  0.3067126950602515  0.3067126950602515  0.10512721326603465
0.461  0.8939218435097918  0.3079326266818846  0.3079326266818846  0.1060781564902084
0.462  0.8929664071283278  0.3091505595320433  0.3091505595320433  0.10703359287167238
0.463  0.8920064999159248  0.3103664532279924  0.3103664532279924  0.10799350008407524
0.464  0.8910421441989346  0.3115802673869967  0.3115802673869967  0.10895785580106554
0.465  0.8900733623037081  0.3127919616263209  0.3127919616263209  0.10992663769629188
0.466  0.8891001765565972  0.31400149556322987  0.31400149556322987  0.11089982344340289
0.467  0.8881226092839528  0.31520882881498835  0.31520882881498835  0.11187739071604713
0.468  0.8871406828121267  0.31641392099886095  0.31641392099886095  0.11285931718787325
0.469  0.8861544194674702  0.31761673173211274  0.31761673173211274  0.1138455805325298
0.47  0.8851638415763347  0.3188172206320083  0.3188172206320083  0.1148361584236654
0.471  0.8841689714650713  0.3200153473158123  0.3200153473158123  0.11583102853492863
0.472  0.8831698314600319  0.32121107140078975  0.32121107140078975  0.1168301685399681
0.473  0.8821664438875677  0.3224043525042053  0.3224043525042053  0.11783355611243243
0.474  0.8811588310740298  0.3235951502433237  0.3235951502433237  0.1188411689259702
0.475  0.88014701534577  0.32478342423540973  0.32478342423540973  0.11985298465423001
0.476  0.8791310190291396  0.3259691340977282  0.3259691340977282  0.12086898097086045
0.477  0.8781108644504899  0.32715223944754385  0.32715223944754385  0.12188913554951014
0.478  0.8770865739361724  0.32833269990212144  0.32833269990212144  0.12291342606382766
0.479  0.8760581698125385  0.3295104750787258  0.3295104750787258  0.1239418301874616
0.48  0.8750256744059394  0.3306855245946216  0.3306855245946216  0.12497432559406059
0.481  0.8739891100427268  0.33185780806707366  0.33185780806707366  0.12601088995727322
0.482  0.8729484990492519  0.3330272851133468  0.3330272851133468  0.12705150095074808
0.483  0.8719038637518662  0.3341939153507057  0.3341939153507057  0.12809613624813374
0.484  0.8708552264769212  0.33535765839641524  0.33535765839641524  0.12914477352307885
0.485  0.869802609550768  0.3365184738677401  0.3365184738677401  0.130197390449232
0.486  0.8687460352997582  0.33767632138194503  0.33767632138194503  0.13125396470024178
0.487  0.8676855260502433  0.33883116055629486  0.33883116055629486  0.1323144739497568
0.488  0.8666211041285745  0.33998295100805437  0.33998295100805437  0.1333788958714256
0.489  0.8655527918611031  0.3411316523544883  0.3411316523544883  0.13444720813889682
0.49  0.864480611574181  0.34227722421286144  0.34227722421286144  0.1355193884258191
0.491  0.863404585594159  0.34341962620043853  0.34341962620043853  0.136595414405841
0.492  0.8623247362473889  0.34455881793448434  0.34455881793448434  0.1376752637526111
0.493  0.8612410896622261  0.3456947572501623  0.3456947572501623  0.13875891033777393
0.494  0.860153691744162  0.3468274003698368  0.3468274003698368  0.13984630825583802
0.495  0.8590625808992294  0.34795671753548774  0.34795671753548774  0.1409374191007705
0.496  0.857967793734231  0.3490826804231628  0.3490826804231628  0.14203220626576907
0.497  0.8568693668559688  0.35020526070890956  0.35020526070890956  0.14313063314403113
0.498  0.8557673368712458  0.3513244300687756  0.3513244300687756  0.1442326631287542
0.499  0.8546617403868642  0.3524401601788086  0.3524401601788086  0.1453382596131359
0.5  0.8535526140096265  0.353552422715056  0.353552422715056  0.14644738599037363
0.501  0.8524399943463351  0.3546611893535655  0.3546611893535655  0.147560005653665
0.502  0.8513239180037925  0.3557664317703847  0.3557664317703847  0.14867608199620752
0.503  0.8502044215888014  0.3568681216415613  0.3568681216415613  0.14979557841119867
0.504  0.8490815417081639  0.3579662306431427  0.3579662306431427  0.150918458291836
0.505  0.8479553149686829  0.3590607304511767  0.3590607304511767  0.1520446850313171
0.506  0.8468257779771607  0.36015159274171077  0.36015159274171077  0.15317422202283942
0.507  0.8456929673403996  0.3612387891907926  0.3612387891907926  0.15430703265960047
0.508  0.8445569196652023  0.3623222914744697  0.3623222914744697  0.1554430803347978
0.509  0.8434176715583711  0.36340207126878976  0.36340207126878976  0.15658232844162895
0.51  0.8422752596267087  0.3644781002498004  0.3644781002498004  0.15772474037329143
0.511  0.8411297204770173  0.3655503500935491  0.3655503500935491  0.15887027952298272
0.512  0.8399810907160996  0.36661879247608353  0.36661879247608353  0.16001890928390042
0.513  0.838829406950758  0.3676833990734514  0.3676833990734514  0.161170593049242
0.514  0.837674705787795  0.36874414156170005  0.36874414156170005  0.162325294212205
0.515  0.836517023834013  0.36980099161687735  0.36980099161687735  0.16348297616598698
0.516  0.8353563976962146  0.3708539209150308  0.3708539209150308  0.1646436023037854
0.517  0.8341928639812022  0.3719029011322079  0.3719029011322079  0.16580713601879782
0.518  0.8330264592957782  0.3729479039444564  0.3729479039444564  0.16697354070422177
0.519  0.8318572202467452  0.37398890102782395  0.37398890102782395  0.16814277975325473
0.52  0.8306851834409058  0.375025864058358  0.375025864058358  0.16931481655909428
0.521  0.8295103854850622  0.37605876471210625  0.37605876471210625  0.1704896145149379
0.522  0.8283328629860169  0.3770875746651162  0.3770875746651162  0.17166713701398315
0.523  0.8271526525505726  0.3781122655934355  0.3781122655934355  0.17284734744942748
0.524  0.8259697907855315  0.3791328091731119  0.3791328091731119  0.1740302092144685
0.525  0.8247843142976963  0.38014917708019275  0.38014917708019275  0.1752156857023037
0.526  0.8235962596938695  0.38116134099072585  0.38116134099072585  0.17640374030613062
0.527  0.8224056635808532  0.38216927258075867  0.38216927258075867  0.17759433641914676
0.528  0.8212125625654504  0.3831729435263389  0.3831729435263389  0.17878743743454964
0.529  0.8200169932544632  0.38417232550351416  0.38417232550351416  0.1799830067455368
0.53  0.8188189922546943  0.38516739018833196  0.38516739018833196  0.18118100774530577
0.531  0.817618596172946  0.38615810925683997  0.38615810925683997  0.18238140382705406
0.532  0.8164158416160209  0.38714445438508577  0.38714445438508577  0.18358415838397918
0.533  0.8152107651907214  0.38812639724911696  0.38812639724911696  0.18478923480927867
0.534  0.81400340350385  0.3891039095249812  0.3891039095249812  0.18599659649615008
0.535  0.8127937952449233  0.3900769629113052  0.3900769629113052  0.18720620475507666
0.536  0.8115819964707792  0.3910455346258756  0.3910455346258756  0.18841800352922072
0.537  0.8103680545226423  0.3920096112888531  0.3920096112888531  0.18963194547735782
0.538  0.8091520134302568  0.39296918033929873  0.39296918033929873  0.19084798656974322
0.539  0.8079339172233676  0.3939242292162731  0.3939242292162731  0.19206608277663242
0.54  0.8067138099317193  0.39487474535883754  0.39487474535883754  0.19328619006828085
0.541  0.8054917355850564  0.3958207162060526  0.3958207162060526  0.1945082644149438
0.542  0.8042677382131234  0.3967621291969794  0.3967621291969794  0.19573226178687667
0.543  0.8030418618456652  0.3976989717706786  0.3976989717706786  0.19695813815433494
0.544  0.8018141505124261  0.3986312313662114  0.3986312313662114  0.19818584948757395
0.545  0.8005846482431509  0.39955889542263856  0.39955889542263856  0.19941535175684916
0.546  0.7993533990675842  0.400481951379021  0.400481951379021  0.2006466009324159
0.547  0.7981204470154705  0.4014003866744196  0.4014003866744196  0.20187955298452956
0.548  0.7968858361165545  0.4023141887478952  0.4023141887478952  0.20311416388344558
0.549  0.7956496104005808  0.4032233450385088  0.4032233450385088  0.20435038959941934
0.55  0.7944118138972939  0.4041278429853214  0.4041278429853214  0.2055881861027062
0.551  0.7931724906364384  0.40502767002739365  0.40502767002739365  0.20682750936356162
0.552  0.791931684647759  0.4059228136037867  0.4059228136037867  0.208068315352241
0.553  0.7906894399610004  0.40681326115356137  0.40681326115356137  0.20931056003899967
0.554  0.789445800605907  0.4076990001157784  0.4076990001157784  0.21055419939409303
0.555  0.7882008106122235  0.40858001792949894  0.40858001792949894  0.21179918938777653
0.556  0.7869545140096945  0.4094563020337837  0.4094563020337837  0.21304548599030557
0.557  0.7857069548280645  0.4103278398676938  0.4103278398676938  0.2142930451719355
0.558  0.7844581770970782  0.4111946188702899  0.4111946188702899  0.21554182290292176
0.559  0.7832082248464803  0.412056626480633  0.412056626480633  0.21679177515351966
0.56  0.7819571421060154  0.4129138501377841  0.4129138501377841  0.2180428578939847
0.561  0.7807049729054277  0.41376627728080395  0.41376627728080395  0.21929502709457224
0.562  0.7794517612744624  0.4146138953487536  0.4146138953487536  0.2205482387255377
0.563  0.7781975512428636  0.41545669178069383  0.41545669178069383  0.2218024487571364
0.564  0.7769423868403763  0.4162946540156856  0.4162946540156856  0.22305761315962377
0.565  0.7756863120967448  0.41712776949278985  0.41712776949278985  0.22431368790325526
0.566  0.7744293710417138  0.41795602565106743  0.41795602565106743  0.2255706289582862
0.567  0.773171607705028  0.41877940992957924  0.41877940992957924  0.226828392294972
0.568  0.771913066116432  0.41959790976738615  0.41959790976738615  0.22808693388356813
0.569  0.7706537903056702  0.42041151260354914  0.42041151260354914  0.22934620969432987
0.57  0.7693938243024873  0.42122020587712916  0.42122020587712916  0.2306061756975127
0.571  0.768133212136628  0.42202397702718697  0.42202397702718697  0.23186678786337198
0.572  0.7668719978378369  0.42282281349278356  0.42282281349278356  0.23312800216216312
0.573  0.7656102254358585  0.42361670271297985  0.42361670271297985  0.2343897745641415
0.574  0.7643479389604375  0.4244056321268367  0.4244056321268367  0.23565206103956252
0.575  0.7630851824413184  0.425189589173415  0.425189589173415  0.2369148175586816
0.576  0.7618220085039268  0.42596856643063535  0.42596856643063535  0.23817799149607316
0.577  0.760558471251271  0.4267425673299004  0.4267425673299004  0.23944152874872912
0.578  0.7592946148641156  0.42751159494433105  0.42751159494433105  0.2407053851358844
0.579  0.7580304835094975  0.4282756523426765  0.4282756523426765  0.24196951649050266
0.58  0.7567661213544525  0.42903474259368607  0.42903474259368607  0.24323387864554746
0.581  0.7555015725660175  0.42978886876610883  0.42978886876610883  0.24449842743398256
0.582  0.7542368813112286  0.43053803392869405  0.43053803392869405  0.24576311868877151
0.583  0.7529720917571221  0.4312822411501909  0.4312822411501909  0.2470279082428779
0.584  0.7517072480707346  0.43202149349934854  0.43202149349934854  0.24829275192926542
0.585  0.7504423944191024  0.4327557940449164  0.4327557940449164  0.24955760558089768
0.586  0.7491775749692619  0.4334851458556435  0.4334851458556435  0.2508224250307383
0.587  0.747912833888249  0.43420955200027894  0.43420955200027894  0.2520871661117509
0.588  0.7466482153431008  0.43492901554757213  0.43492901554757213  0.25335178465689917
0.589  0.7453837635008533  0.4356435395662722  0.4356435395662722  0.25461623649914666
0.59  0.7441195225285429  0.4363531271251283  0.4363531271251283  0.25588047747145704
0.591  0.742855536593206  0.4370577812928898  0.4370577812928898  0.2571444634067939
0.592  0.7415918498618791  0.4377575051383058  0.4377575051383058  0.25840815013812096
0.593  0.7403285065015983  0.4384523017301254  0.4384523017301254  0.25967149349840174
0.594  0.7390655506794002  0.43914217413709794  0.43914217413709794  0.26093444932059995
0.595  0.7378030265623209  0.4398271254279726  0.4398271254279726  0.2621969734376791
0.596  0.7365409783173971  0.44050715867149853  0.44050715867149853  0.2634590216826029
0.597  0.7352794501116651  0.441182276936425  0.441182276936425  0.26472054988833504
0.598  0.7340184861121609  0.4418524832915012  0.4418524832915012  0.265981513887839
0.599  0.7327581304859214  0.44251778080547627  0.44251778080547627  0.26724186951407863
0.6  0.7314984273999827  0.4431781725470995  0.4431781725470995  0.2685015726000173
0.601  0.7302394210213813  0.4438336615851201  0.4438336615851201  0.2697605789786188
0.602  0.7289811555171533  0.4444842509882872  0.4444842509882872  0.2710188444828467
0.603  0.7277236750543354  0.44512994382535004  0.44512994382535004  0.27227632494566467
0.604  0.7264670237999638  0.4457707431650578  0.4457707431650578  0.27353297620003625
0.605  0.7252112459210749  0.44640665207615976  0.44640665207615976  0.2747887540789252
0.606  0.723956385584705  0.4470376736274051  0.4470376736274051  0.27604361441529507
0.607  0.7227024869578906  0.4476638108875429  0.4476638108875429  0.2772975130421095
0.608  0.721449594207668  0.44828506692532255  0.44828506692532255  0.27855040579233203
0.609  0.7201977515010736  0.4489014448094931  0.4489014448094931  0.2798022484989265
0.61  0.7189470030051437  0.4495129476088039  0.4495129476088039  0.2810529969948563
0.611  0.7176973928869149  0.45011957839200406  0.45011957839200406  0.28230260711308525
0.612  0.7164489653134233  0.45072134022784277  0.45072134022784277  0.2835510346865768
0.613  0.7152017644517054  0.4513182361850693  0.4513182361850693  0.28479823554829475
0.614  0.7139558344687974  0.4519102693324328  0.4519102693324328  0.2860441655312026
0.615  0.7127112200367207  0.4524974432088588  0.4524974432088588  0.28728877996327934
0.616  0.7114679731050572  0.4530797730250531  0.4530797730250531  0.2885320268949429
0.617  0.7102261358828101  0.45365727654014937  0.45365727654014937  0.28977386411718986
0.618  0.7089857464944757  0.4542299693017518  0.4542299693017518  0.29101425350552435
0.619  0.7077468430645496  0.45479786685746443  0.45479786685746443  0.29225315693545056
0.62  0.7065094637175277  0.4553609847548914  0.4553609847548914  0.29349053628247246
0.621  0.7052736465779057  0.45591933854163685  0.45591933854163685  0.2947263534220944
0.622  0.7040394297701796  0.4564729437653049  0.4564729437653049  0.29596057022982053
0.623  0.7028068514188452  0.45702181597349956  0.45702181597349956  0.2971931485811548
0.624  0.7015759496483984  0.45756597071382504  0.45756597071382504  0.2984240503516016
0.625  0.7003467625833352  0.45810542353388545  0.45810542353388545  0.299653237416665
0.626  0.6991193283481509  0.4586401899812849  0.4586401899812849  0.300880671651849
0.627  0.6978936850673421  0.4591702856036275  0.4591702856036275  0.30210631493265805
0.628  0.696669870865404  0.4596957259485175  0.4596957259485175  0.30333012913459606
0.629  0.6954479238668327  0.46021652656355866  0.46021652656355866  0.30455207613316726
0.63  0.6942278821961242  0.4607327029963555  0.4607327029963555  0.30577211780387586
0.631  0.6930097839777742  0.4612442707945119  0.4612442707945119  0.3069902160222259
0.632  0.6917936673362785  0.46175124550563207  0.46175124550563207  0.3082063326637216
0.633  0.690579570396133  0.4622536426773201  0.4622536426773201  0.3094204296038671
0.634  0.6893675312818335  0.46275147785718  0.46275147785718  0.3106324687181666
0.635  0.688157588117876  0.4632447665928161  0.4632447665928161  0.31184241188212414
0.636  0.6869497790287561  0.46373352443183236  0.46373352443183236  0.3130502209712439
0.637  0.68574414213897  0.464217766921833  0.464217766921833  0.31425585786103016
0.638  0.6845407155730131  0.464697509610422  0.464697509610422  0.31545928442698695
0.639  0.6833395374553817  0.46517276804520363  0.46517276804520363  0.31666046254461844
0.64  0.6821406459105712  0.46564355777378186  0.46564355777378186  0.31785935408942884
0.641  0.6809440790630779  0.46610989434376093  0.46610989434376093  0.3190559209369222
0.642  0.6797498750373973  0.46657179330274484  0.46657179330274484  0.32025012496260274
0.643  0.6785580719580253  0.46702927019833784  0.46702927019833784  0.32144192804197463
0.644  0.677368707949458  0.4674823405781439  0.4674823405781439  0.3226312920505421
0.645  0.6761818211361911  0.4679310199897673  0.4679310199897673  0.32381817886380904
0.646  0.6749974496427203  0.468375323980812  0.468375323980812  0.3250025503572798
0.647  0.6738156315935416  0.46881526809888224  0.46881526809888224  0.3261843684064585
0.648  0.6726364051131508  0.46925086789158205  0.46925086789158205  0.3273635948868493
0.649  0.6714598083260439  0.4696821389065156  0.4696821389065156  0.3285401916739563
0.65  0.6702858793567165  0.470109096691287  0.470109096691287  0.3297141206432837
0.651  0.6691146563296645  0.4705317567935003  0.4705317567935003  0.3308853436703357
0.652  0.6679461773693838  0.4709501347607597  0.4709501347607597  0.3320538226306163
0.653  0.6667804806003703  0.4713642461406693  0.4713642461406693  0.3332195193996298
0.654  0.6656176041471199  0.4717741064808331  0.4717741064808331  0.33438239585288027
0.655  0.6644575873425782  0.47217973411478953  0.47217973411478953  0.33554241265742196
0.656  0.6633004690600177  0.47258115948785495  0.47258115948785495  0.33669953093998245
0.657  0.6621462780032741  0.4729784067099524  0.4729784067099524  0.3378537219967261
0.658  0.6609950420237214  0.4733714987851871  0.4733714987851871  0.33900495797627855
0.659  0.6598467889727342  0.47376045871766403  0.47376045871766403  0.3401532110272658
0.66  0.6587015467016867  0.47414530951148864  0.47414530951148864  0.34129845329831343
0.661  0.6575593430619531  0.47452607417076587  0.47452607417076587  0.34244065693804715
0.662  0.6564202059049074  0.47490277569960093  0.47490277569960093  0.34357979409509276
0.663  0.6552841630819239  0.47527543710209896  0.47527543710209896  0.344715836918076
0.664  0.6541512424443774  0.4756440813823652  0.4756440813823652  0.34584875755562267
0.665  0.6530214718436417  0.4760087315445047  0.4760087315445047  0.3469785281563585
0.666  0.6518948791310909  0.4763694105926226  0.4763694105926226  0.34810512086890916
0.667  0.6507714921580996  0.47672614153082427  0.47672614153082427  0.34922850784190046
0.668  0.649651338776042  0.4770789473632146  0.4770789473632146  0.35034866122395814
0.669  0.6485344468362921  0.4774278510938989  0.4774278510938989  0.3514655531637079
0.67  0.6474208441902246  0.47777287572698235  0.47777287572698235  0.35257915580977556
0.671  0.6463105586892132  0.47811404426656995  0.47811404426656995  0.35368944131078683
0.672  0.6452036181846327  0.47845137971676693  0.47845137971676693  0.3547963818153675
0.673  0.6441000505278569  0.47878490508167854  0.47878490508167854  0.3558999494721432
0.674  0.6429998835702603  0.47911464336540976  0.47911464336540976  0.3570001164297398
0.675  0.6419031451632171  0.47944061757206596  0.47944061757206596  0.358096854836783
0.676  0.6408098631581016  0.47976285070575214  0.47976285070575214  0.35919013684189854
0.677  0.6397200654062879  0.48008136577057353  0.48008136577057353  0.3602799345937121
0.678  0.6386337797591505  0.4803961857706352  0.4803961857706352  0.3613662202408496
0.679  0.6375510340680635  0.4807073337100424  0.4807073337100424  0.36244896593193665
0.68  0.636471856184401  0.48101483259290023  0.48101483259290023  0.36352814381559906
0.681  0.6353962739595376  0.4813187054233139  0.4813187054233139  0.36460372604046254
0.682  0.6343243152448472  0.48161897520538843  0.48161897520538843  0.36567568475515283
0.683  0.6332560078917044  0.4819156649432292  0.4819156649432292  0.36674399210829567
0.684  0.6321913797514832  0.4822087976409412  0.4822087976409412  0.3678086202485169
0.685  0.631130458675558  0.48249839630262964  0.48249839630262964  0.36886954132444216
0.686  0.6300732725153029  0.48278448393239964  0.48278448393239964  0.3699267274846973
0.687  0.6290198491220922  0.4830670835343564  0.4830670835343564  0.37098015087790787
0.688  0.6279702163473003  0.48334621811260503  0.48334621811260503  0.37202978365269984
0.689  0.6269244020423014  0.48362191067125077  0.48362191067125077  0.37307559795769885
0.69  0.6258824340584694  0.48389418421439867  0.48389418421439867  0.37411756594153067
0.691  0.6248443402471792  0.4841630617461539  0.4841630617461539  0.37515565975282095
0.692  0.6238101484598044  0.48442856627062175  0.48442856627062175  0.37618985154019563
0.693  0.6227798865477198  0.4846907207919072  0.4846907207919072  0.37722011345228035
0.694  0.6217535823622994  0.4849495483141156  0.4849495483141156  0.37824641763770084
0.695  0.6207312638903311  0.48520507269023744  0.48520507269023744  0.3792687361096691
0.696  0.6197129570293852  0.485457328216847  0.485457328216847  0.3802870429706149
0.697  0.6186986787630765  0.48570634287262326  0.48570634287262326  0.3813013212369236
0.698  0.6176884446609497  0.48595214152560956  0.48595214152560956  0.38231155533905037
0.699  0.61668227029255  0.4861947490438496  0.4861947490438496  0.3833177297074501
0.7  0.6156801712274224  0.48643419029538676  0.48643419029538676  0.38431982877257775
0.701  0.6146821630351119  0.4866704901482646  0.4866704901482646  0.3853178369648882
0.702  0.6136882612851637  0.4869036734705266  0.4869036734705266  0.3863117387148363
0.703  0.6126984815471228  0.4871337651302166  0.4871337651302166  0.3873015184528773
0.704  0.6117128393905342  0.48736078999537796  0.48736078999537796  0.38828716060946594
0.705  0.610731350384943  0.4875847729340542  0.4875847729340542  0.3892686496150571
0.706  0.6097540300998943  0.48780573881428896  0.48780573881428896  0.39024596990010585
0.707  0.6087808941049331  0.48802371250412563  0.48802371250412563  0.391219105895067
0.708  0.6078119579696044  0.48823871887160797  0.48823871887160797  0.39218804203039564
0.709  0.6068472372634535  0.4884507827847794  0.4884507827847794  0.39315276273654665
0.71  0.6058867475560251  0.48865992911168343  0.48865992911168343  0.39411325244397494
0.711  0.6049305044168645  0.48886618272036375  0.48886618272036375  0.3950694955831354
0.712  0.6039785234155168  0.48906956847886385  0.48906956847886385  0.3960214765844832
0.713  0.603030820121527  0.4892701112552271  0.4892701112552271  0.39696917987847313
0.714  0.6020874101044401  0.4894678359174973  0.4894678359174973  0.39791258989556005
0.715  0.6011483089338011  0.4896627673337179  0.4896627673337179  0.398851691066199
0.716  0.6002135321791552  0.4898549303719324  0.4898549303719324  0.3997864678208449
0.717  0.5992830954100474  0.4900443499001844  0.4900443499001844  0.40071690458995274
0.718  0.5983570141960227  0.49023105078651746  0.49023105078651746  0.40164298580397734
0.719  0.5974353041066264  0.49041505789897516  0.49041505789897516  0.4025646958933738
0.72  0.5965179807114032  0.4905963961056009  0.4905963961056009  0.40348201928859695
0.721  0.5956050595798984  0.49077509027443833  0.49077509027443833  0.40439494042010177
0.722  0.594696556281657  0.49095116527353105  0.49095116527353105  0.40530344371834315
0.723  0.593792486386224  0.4911246459709225  0.4911246459709225  0.40620751361377616
0.724  0.5928928654631446  0.4912955572346563  0.4912955572346563  0.4071071345368556
0.725  0.5919977090819636  0.49146392393277594  0.49146392393277594  0.40800229091803647
0.726  0.5911070328122264  0.49162977093332505  0.49162977093332505  0.40889296718777374
0.727  0.5902208522234776  0.4917931231043471  0.4917931231043471  0.4097791477765223
0.728  0.5893391828852629  0.49195400531388567  0.49195400531388567  0.4106608171147371
0.729  0.588462040367127  0.4921124424299843  0.4921124424299843  0.41153795963287315
0.73  0.5875894402386147  0.49226845932068647  0.49226845932068647  0.4124105597613853
0.731  0.5867213980692715  0.49242208085403594  0.49242208085403594  0.4132786019307286
0.732  0.5858579294286422  0.492573331898076  0.492573331898076  0.4141420705713578
0.733  0.5849990498862719  0.49272223732085035  0.49272223732085035  0.415000950113728
0.734  0.5841447750117058  0.4928688219904025  0.4928688219904025  0.4158552249882942
0.735  0.5832951203744888  0.49301311077477605  0.49301311077477605  0.4167048796255111
0.736  0.5824501015424375  0.49315512859629873  0.49315512859629873  0.4175498984575627
0.737  0.5816097313901694  0.493294906754797  0.493294906754797  0.41839026860983086
0.738  0.5807740146556338  0.49343247243653865  0.49343247243653865  0.4192259853443661
0.739  0.5799429545461834  0.49356784750544413  0.49356784750544413  0.42005704545381667
0.74  0.5791165542691694  0.4937010538254334  0.4937010538254334  0.42088344573083053
0.741  0.578294817031944  0.49383211326042675  0.49383211326042675  0.4217051829680561
0.742  0.5774777460418589  0.49396104767434446  0.49396104767434446  0.4225222539581413
0.743  0.5766653445062656  0.4940878789311066  0.4940878789311066  0.42333465549373434
0.744  0.5758576156325166  0.4942126288946335  0.4942126288946335  0.42414238436748336
0.745  0.5750545626279634  0.49433531942884534  0.49433531942884534  0.4249454373720366
0.746  0.5742561886999578  0.4944559723976622  0.4944559723976622  0.42574381130004213
0.747  0.5734624970558518  0.49457460966500444  0.49457460966500444  0.4265375029441481
0.748  0.5726734909029974  0.4946912530947922  0.4946912530947922  0.4273265090970027
0.749  0.571889173448746  0.49480592455094563  0.49480592455094563  0.428110826551254
0.75  0.5711095479004498  0.4949186458973851  0.4949186458973851  0.4288904520995503
0.751  0.5703346174654605  0.49502943899803054  0.49502943899803054  0.42966538253453945
0.752  0.5695643853511301  0.49513832571680233  0.49513832571680233  0.43043561464886987
0.753  0.5687988547648103  0.4952453279176208  0.4952453279176208  0.43120114523518976
0.754  0.568038028913853  0.49535046746440586  0.49535046746440586  0.431961971086147
0.755  0.5672819110056101  0.4954537662210779  0.4954537662210779  0.4327180889943899
0.756  0.5665305042474335  0.49555524605155715  0.49555524605155715  0.43346949575256666
0.757  0.5657838118466747  0.49565492881976364  0.49565492881976364  0.4342161881533253
0.758  0.565041837010686  0.4957528363896178  0.4957528363896178  0.434958162989314
0.759  0.5643045829468191  0.4958489906250396  0.4958489906250396  0.435695417053181
0.76  0.5635720528624256  0.49594341338994946  0.49594341338994946  0.4364279471375744
0.761  0.5628442499648577  0.4960361265482674  0.4960361265482674  0.43715575003514223
0.762  0.5621211774614671  0.4961271519639137  0.4961271519639137  0.4378788225385329
0.763  0.5614028385596057  0.49621651150080864  0.49621651150080864  0.43859716144039423
0.764  0.5606892364666254  0.4963042270228723  0.4963042270228723  0.43931076353337467
0.765  0.5599803743898778  0.496390320394025  0.496390320394025  0.4400196256101222
0.766  0.559276255536715  0.49647481347818684  0.49647481347818684  0.440723744463285
0.767  0.5585768831144887  0.496557728139278  0.496557728139278  0.44142311688551117
0.768  0.557882260330551  0.49663908624121883  0.49663908624121883  0.442117739669449
0.769  0.5571923903922535  0.4967189096479295  0.4967189096479295  0.4428076096077465
0.77  0.5565072765069481  0.49679722022333  0.49679722022333  0.44349272349305197
0.771  0.5558269218819867  0.4968740398313408  0.4968740398313408  0.4441730781180133
0.772  0.555151329724721  0.49694939033588204  0.49694939033588204  0.4448486702752789
0.773  0.5544805032425031  0.4970232936008738  0.4970232936008738  0.44551949675749686
0.774  0.5538144456426848  0.4970957714902364  0.4970957714902364  0.4461855543573153
0.775  0.5531531601326177  0.49716684586789006  0.49716684586789006  0.4468468398673822
0.776  0.552496649919654  0.49723653859775485  0.49723653859775485  0.447503350080346
0.777  0.5518449182111452  0.4973048715437511  0.4973048715437511  0.44815508178885466
0.778  0.5511979682144436  0.4973718665697989  0.4973718665697989  0.44880203178555644
0.779  0.5505558030213046  0.49743754582973265  0.49743754582973265  0.4494441969786955
0.78  0.5499184207608886  0.49750193447393537  0.49750193447393537  0.45008157923911135
0.781  0.5492858136656796  0.4975650505276461  0.4975650505276461  0.4507141863343204
0.782  0.5486579737356316  0.49762690968850415  0.49762690968850415  0.45134202626436837
0.783  0.5480348929706992  0.49768752765414886  0.49768752765414886  0.4519651070293008
0.784  0.5474165633708364  0.4977469201222199  0.4977469201222199  0.45258343662916367
0.785  0.5468029769359976  0.4978051027903564  0.4978051027903564  0.45319702306400245
0.786  0.5461941256661369  0.49786209135619797  0.49786209135619797  0.45380587433386305
0.787  0.545590001561209  0.497917901517384  0.497917901517384  0.4544099984387911
0.788  0.5449905966211677  0.4979725489715539  0.4979725489715539  0.4550094033788324
0.789  0.5443959028459675  0.498026049416347  0.498026049416347  0.45560409715403255
0.79  0.5438059122355626  0.4980784185494028  0.4980784185494028  0.4561940877644374
0.791  0.5432206167899073  0.49812967206836073  0.49812967206836073  0.4567793832100926
0.792  0.5426400085089561  0.4981798256708602  0.4981798256708602  0.45735999149104395
0.793  0.5420640793926629  0.49822889505454065  0.49822889505454065  0.45793592060733707
0.794  0.5414928214409823  0.49827689591704144  0.49827689591704144  0.45850717855901774
0.795  0.5409262266538681  0.4983238439560021  0.4983238439560021  0.45907377334613175
0.796  0.5403642870312753  0.498369754869062  0.498369754869062  0.45963571296872474
0.797  0.5398069945731576  0.49841464435386046  0.49841464435386046  0.46019300542684244
0.798  0.5392543412794694  0.498458528108037  0.498458528108037  0.4607456587205307
0.799  0.538706319150165  0.4985014218292309  0.4985014218292309  0.46129368084983496
0.8  0.5381629201851988  0.49854334121508187  0.49854334121508187  0.46183707981480127
0.801  0.5376241363845249  0.49858430196322906  0.49858430196322906  0.46237586361547517
0.802  0.5370899597480976  0.49862431977131205  0.49862431977131205  0.4629100402519024
0.803  0.5365603822758712  0.4986634103369702  0.4986634103369702  0.4634396177241287
0.804  0.5360353959678001  0.4987015893578429  0.4987015893578429  0.4639646040321999
0.805  0.5355149928238384  0.4987388725315696  0.4987388725315696  0.46448500717616154
0.806  0.5349991648439405  0.49877527555578977  0.49877527555578977  0.46500083515605944
0.807  0.5344879040280606  0.49881081412814277  0.49881081412814277  0.4655120959719394
0.808  0.533981202376153  0.498845503946268  0.498845503946268  0.466018797623847
0.809  0.5334790518881719  0.4988793607078049  0.4988793607078049  0.4665209481118281
0.81  0.5329814445640717  0.49891240011039295  0.49891240011039295  0.4670185554359283
0.811  0.5324883724038066  0.4989446378516715  0.4989446378516715  0.46751162759619336
0.812  0.5319998274073309  0.49897608962928003  0.49897608962928003  0.46800017259266913
0.813  0.5315158015745988  0.4990067711408579  0.4990067711408579  0.4684841984254012
0.814  0.5310362869055647  0.49903669808404444  0.49903669808404444  0.4689637130944353
0.815  0.5305612754001828  0.49906588615647934  0.49906588615647934  0.46943872459981717
0.816  0.5300907590584074  0.4990943510558018  0.4990943510558018  0.4699092409415926
0.817  0.5296247298801928  0.4991221084796513  0.4991221084796513  0.47037527011980723
0.818  0.5291631798654931  0.49914917412566734  0.49914917412566734  0.47083682013450684
0.819  0.5287061010142629  0.4991755636914892  0.4991755636914892  0.47129389898573715
0.82  0.5282534853264562  0.4992012928747564  0.4992012928747564  0.4717465146735439
0.821  0.5278053248020274  0.49922637737310827  0.49922637737310827  0.4721946751979727
0.822  0.5273616114409305  0.49925083288418437  0.49925083288418437  0.4726383885590694
0.823  0.5269223372431203  0.49927467510562396  0.49927467510562396  0.47307766275687974
0.824  0.5264874942084659  0.4992979197351503  0.4992979197351503  0.47351250579153426
0.825  0.5260570717022782  0.49932058227065296  0.49932058227065296  0.4739429282977217
0.826  0.5256310527860719  0.4993426734410843  0.4993426734410843  0.4743689472139282
0.827  0.5252094199487418  0.4993642018445425  0.4993642018445425  0.4747905800512581
0.828  0.5247921556791837  0.49938517607912547  0.49938517607912547  0.4752078443208163
0.829  0.5243792424662929  0.49940560474293116  0.49940560474293116  0.47562075753370714
0.83  0.5239706627989645  0.49942549643405765  0.49942549643405765  0.47602933720103535
0.831  0.5235663991660945  0.49944485975060277  0.49944485975060277  0.4764336008339056
0.832  0.5231664340565777  0.4994637032906646  0.4994637032906646  0.47683356594342224
0.833  0.5227707499593097  0.4994820356523411  0.4994820356523411  0.4772292500406903
0.834  0.5223793293631861  0.4994998654337303  0.4994998654337303  0.47762067063681385
0.835  0.521992154757102  0.4995172012329302  0.4995172012329302  0.47800784524289786
0.836  0.5216092086299532  0.49953405164803866  0.49953405164803866  0.47839079137004686
0.837  0.5212304734706346  0.4995504252771538  0.4995504252771538  0.4787695265293654
0.838  0.520855931768042  0.4995663307183735  0.4995663307183735  0.47914406823195804
0.839  0.5204855660110705  0.4995817765697958  0.4995817765697958  0.4795144339889294
0.84  0.5201193586886157  0.49959677142951875  0.49959677142951875  0.47988064131138425
0.841  0.519757292289573  0.4996113238956401  0.4996113238956401  0.48024270771042693
0.842  0.5193993493028378  0.4996254425662582  0.4996254425662582  0.4806006506971623
0.843  0.5190455122173053  0.4996391360394707  0.4996391360394707  0.48095448778269473
0.844  0.518695763521871  0.4996524129133757  0.4996524129133757  0.4813042364781289
0.845  0.5183500857054305  0.4996652817860713  0.4996652817860713  0.48164991429456955
0.846  0.5180084612568789  0.49967775125565533  0.49967775125565533  0.481991538743121
0.847  0.5176708726651118  0.49968982992022587  0.49968982992022587  0.4823291273348882
0.848  0.5173373024190246  0.49970152637788073  0.49970152637788073  0.4826626975809754
0.849  0.5170077330075126  0.4997128492267182  0.4997128492267182  0.48299226699248743
0.85  0.5166821469194712  0.49972380706483605  0.49972380706483605  0.4833178530805288
0.851  0.5163605266437958  0.4997344084903323  0.4997344084903323  0.48363947335620416
0.852  0.5160428546693819  0.4997446621013049  0.4997446621013049  0.48395714533061807
0.853  0.5157291134851248  0.499754576495852  0.499754576495852  0.48427088651487515
0.854  0.51541928557992  0.4997641602720714  0.4997641602720714  0.48458071442008
0.855  0.5151133534426628  0.49977342202806113  0.49977342202806113  0.4848866465573372
0.856  0.5148112995622486  0.4997823703619192  0.4997823703619192  0.48518870043775136
0.857  0.514513106427573  0.4997910138717436  0.4997910138717436  0.4854868935724271
0.858  0.514218756527531  0.4997993611556323  0.4997993611556323  0.485781243472469
0.859  0.5139282323510184  0.4998074208116833  0.4998074208116833  0.48607176764898163
0.86  0.5136415163869302  0.49981520143799457  0.49981520143799457  0.4863584836130697
0.861  0.5133585911241623  0.4998227116326641  0.4998227116326641  0.4866414088758377
0.862  0.5130794390516097  0.4998299599937899  0.4998299599937899  0.48692056094839026
0.863  0.5128040426581679  0.49983695511946985  0.49983695511946985  0.487195957341832
0.864  0.5125323844327325  0.4998437056078021  0.4998437056078021  0.48746761556726753
0.865  0.5122644468641986  0.49985022005688456  0.49985022005688456  0.4877355531358014
0.866  0.5120002124414618  0.4998565070648151  0.4998565070648151  0.4879997875585383
0.867  0.5117396636534173  0.4998625752296919  0.4998625752296919  0.4882603363465827
0.868  0.5114827829889608  0.4998684331496128  0.4998684331496128  0.4885172170110393
0.869  0.5112295529369874  0.4998740894226759  0.4998740894226759  0.48877044706301265
0.87  0.5109799559863926  0.49987955264697914  0.49987955264697914  0.4890200440136074
0.871  0.5107339746260718  0.4998848314206204  0.4998848314206204  0.4892660253739281
0.872  0.5104915913449206  0.4998899343416978  0.4998899343416978  0.4895084086550794
0.873  0.5102527886318342  0.49989487000830934  0.49989487000830934  0.4897472113681659
0.874  0.5100175478589891  0.49989964527492936  0.49989964527492936  0.48998245214101077
0.875  0.5097858449829631  0.4999042617373506  0.4999042617373506  0.4902141550170369
0.876  0.5095576548492343  0.4999087221409742  0.4999087221409742  0.4904423451507656
0.877  0.5093329523369017  0.4999130293387276  0.4999130293387276  0.4906670476630982
0.878  0.509111712325064  0.4999171861835382  0.4999171861835382  0.490888287674936
0.879  0.5088939096928199  0.49992119552833325  0.49992119552833325  0.49110609030718005
0.88  0.5086795193192681  0.4999250602260402  0.4999250602260402  0.4913204806807319
0.881  0.5084685160835074  0.4999287831295864  0.4999287831295864  0.49153148391649254
0.882  0.5082608748646364  0.4999323670918991  0.4999323670918991  0.49173912513536355
0.883  0.5080565705417541  0.4999358149659057  0.4999358149659057  0.4919434294582459
0.884  0.5078555779939589  0.4999391296045336  0.4999391296045336  0.49214442200604097
0.885  0.50765787210035  0.49994231386071014  0.49994231386071014  0.4923421278996501
0.886  0.5074634277400256  0.4999453705873627  0.4999453705873627  0.4925365722599745
0.887  0.5072722197920846  0.49994830263741846  0.49994830263741846  0.4927277802079153
0.888  0.507084223135626  0.4999511128638051  0.4999511128638051  0.4929157768643741
0.889  0.5068994126497482  0.49995380411944956  0.49995380411944956  0.4931005873502517
0.89  0.5067177632135503  0.4999563792572796  0.4999563792572796  0.49328223678644983
0.891  0.5065392497061305  0.4999588411302223  0.4999588411302223  0.49346075029386943
0.892  0.5063638470065882  0.49996119259120514  0.49996119259120514  0.4936361529934119
0.893  0.5061915299940215  0.4999634364931554  0.4999634364931554  0.4938084700059785
0.894  0.5060222735475295  0.4999655756890006  0.4999655756890006  0.4939777264524705
0.895  0.5058560525462108  0.4999676130316677  0.4999676130316677  0.4941439474537891
0.896  0.5056928418691643  0.4999695513740845  0.4999695513740845  0.4943071581308357
0.897  0.5055326163954885  0.4999713935691781  0.4999713935691781  0.4944673836045114
0.898  0.5053753510042823  0.499973142469876  0.499973142469876  0.4946246489957177
0.899  0.5052210205746444  0.4999748009291054  0.4999748009291054  0.49477897942535554
0.9  0.5050695999856736  0.4999763717997938  0.4999763717997938  0.4949304000143264
0.901  0.5049210641164683  0.4999778579348684  0.4999778579348684  0.4950789358835315
0.902  0.5047753878461277  0.4999792621872567  0.4999792621872567  0.49522461215387226
0.903  0.5046325460537503  0.49998058740988593  0.49998058740988593  0.49536745394624965
0.904  0.5044925136184348  0.49998183645568356  0.49998183645568356  0.4955074863815651
0.905  0.5043552654192801  0.4999830121775769  0.4999830121775769  0.4956447345807199
0.906  0.5042207763353848  0.49998411742849325  0.49998411742849325  0.49577922366461524
0.907  0.5040890212458475  0.49998515506136004  0.49998515506136004  0.4959109787541524
0.908  0.5039599750297672  0.4999861279291046  0.4999861279291046  0.4960400249702327
0.909  0.5038336125662426  0.49998703888465423  0.49998703888465423  0.49616638743375735
0.91  0.5037099087343723  0.49998789078093625  0.49998789078093625  0.49629009126562773
0.911  0.5035888384132551  0.49998868647087824  0.49998868647087824  0.4964111615867449
0.912  0.5034703764819897  0.4999894288074074  0.4999894288074074  0.4965296235180103
0.913  0.5033544978196749  0.49999012064345094  0.49999012064345094  0.4966455021803251
0.914  0.5032411773054094  0.49999076483193644  0.49999076483193644  0.49675882269459065
0.915  0.5031303898182918  0.49999136422579127  0.49999136422579127  0.4968696101817081
0.916  0.503022110237421  0.49999192167794254  0.49999192167794254  0.49697788976257884
0.917  0.5029163134418958  0.4999924400413178  0.4999924400413178  0.49708368655810403
0.918  0.5028129743108148  0.4999929221688444  0.4999929221688444  0.49718702568918505
0.919  0.5027120677232768  0.49999337091344964  0.49999337091344964  0.4972879322767231
0.92  0.5026135685583806  0.49999378912806086  0.49999378912806086  0.49738643144161937
0.921  0.5025174516952247  0.49999417966560544  0.49999417966560544  0.4974825483047753
0.922  0.5024236920129079  0.4999945453790107  0.4999945453790107  0.49757630798709196
0.923  0.5023322643905291  0.4999948891212041  0.4999948891212041  0.49766773560947075
0.924  0.502243143707187  0.49999521374511285  0.49999521374511285  0.4977568562928129
0.925  0.5021563048419803  0.4999955221036644  0.4999955221036644  0.4978436951580197
0.926  0.5020717226740076  0.4999958170497861  0.4999958170497861  0.49792827732599243
0.927  0.5019893720823677  0.4999961014364052  0.4999961014364052  0.49801062791763223
0.928  0.5019092279461596  0.4999963781164492  0.4999963781164492  0.4980907720538405
0.929  0.5018312651444816  0.4999966499428453  0.4999966499428453  0.49816873485551844
0.93  0.5017554578582865  0.49999691889215025  0.49999691889215025  0.4982445421417134
0.931  0.5016817724525123  0.4999971782740186  0.4999971782740186  0.4983182275474875
0.932  0.5016101773972208  0.499997426249343  0.499997426249343  0.4983898226027791
0.933  0.5015406426296245  0.49999766304614307  0.49999766304614307  0.4984593573703754
0.934  0.501473138086936  0.49999788889243846  0.49999788889243846  0.49852686191306383
0.935  0.5014076337063682  0.4999981040162487  0.4999981040162487  0.4985923662936318
0.936  0.5013440994251336  0.49999830864559364  0.49999830864559364  0.4986559005748665
0.937  0.5012825051804448  0.49999850300849275  0.49999850300849275  0.49871749481955524
0.938  0.5012228209095146  0.4999986873329657  0.4999986873329657  0.49877717909048536
0.939  0.5011650165495556  0.49999886184703224  0.49999886184703224  0.49883498345044436
0.94  0.5011090620377805  0.49999902677871194  0.49999902677871194  0.4988909379622195
0.941  0.501054927311402  0.4999991823560245  0.4999991823560245  0.49894507268859806
0.942  0.5010025823076325  0.49999932880698955  0.49999932880698955  0.4989974176923674
0.943  0.5009519969636852  0.4999994663596267  0.4999994663596267  0.4990480030363149
0.944  0.5009031412167722  0.4999995952419557  0.4999995952419557  0.4990968587832278
0.945  0.5008559850041064  0.4999997156819961  0.4999997156819961  0.4991440149958935
0.946  0.5008104982629005  0.4999998279077676  0.4999998279077676  0.49918950173709936
0.947  0.5007666509303672  0.4999999321472898  0.4999999321472898  0.4992333490696328
0.948  0.500724412943719  0.5000000286285826  0.5000000286285826  0.49927558705628095
0.949  0.5006837542401688  0.5000001175796652  0.5000001175796652  0.4993162457598312
0.95  0.5006446447569289  0.5000001992285577  0.5000001992285577  0.49935535524307106
0.951  0.5006070544312122  0.5000002738032793  0.5000002738032793  0.4993929455687876
0.952  0.5005709532002316  0.50000034153185  0.50000034153185  0.4994290467997684
0.953  0.5005363110011992  0.5000004026422893  0.5000004026422893  0.49946368899880056
0.954  0.5005030977713283  0.5000004573626171  0.5000004573626171  0.49949690222867177
0.955  0.500471283447831  0.5000005059208527  0.5000005059208527  0.49952871655216896
0.956  0.5004408379679203  0.5000005485450159  0.5000005485450159  0.4995591620320797
0.957  0.5004117312688087  0.5000005854631263  0.5000005854631263  0.4995882687311913
0.958  0.5003839332877089  0.5000006169032036  0.5000006169032036  0.49961606671229103
0.959  0.5003574139618336  0.5000006430932674  0.5000006430932674  0.4996425860381663
0.96  0.5003321432283956  0.5000006642613376  0.5000006642613376  0.4996678567716043
0.961  0.5003080910246073  0.5000006806354335  0.5000006806354335  0.4996919089753926
0.962  0.5002852272876814  0.5000006924435749  0.5000006924435749  0.49971477271231846
0.963  0.5002635219548307  0.5000006999137815  0.5000006999137815  0.4997364780451691
0.964  0.500242944963268  0.5000007032740729  0.5000007032740729  0.4997570550367319
0.965  0.5002234662502055  0.5000007027524687  0.5000007027524687  0.49977653374979436
0.966  0.5002050557528563  0.5000006985769886  0.5000006985769886  0.49979494424714355
0.967  0.5001876834084329  0.5000006909756521  0.5000006909756521  0.499812316591567
0.968  0.5001713191541479  0.5000006801764793  0.5000006801764793  0.49982868084585197
0.969  0.5001559329272142  0.5000006664074894  0.5000006664074894  0.4998440670727858
0.97  0.500141494664844  0.5000006498967022  0.5000006498967022  0.49985850533515586
0.971  0.5001279743042505  0.5000006308721374  0.5000006308721374  0.49987202569574946
0.972  0.500115341782646  0.5000006095618145  0.5000006095618145  0.49988465821735395
0.973  0.5001035670372433  0.5000005861937533  0.5000005861937533  0.4998964329627566
0.974  0.500092620005255  0.5000005609959735  0.5000005609959735  0.4999073799947448
0.975  0.500082470623894  0.5000005341964945  0.5000005341964945  0.499917529376106
0.976  0.5000730888303725  0.5000005060233361  0.5000005060233361  0.49992691116962734
0.977  0.5000644445619036  0.500000476704518  0.500000476704518  0.4999355554380963
0.978  0.5000565077556998  0.5000004464680599  0.5000004464680599  0.4999434922443001
0.979  0.5000492483489737  0.5000004155419813  0.5000004155419813  0.49995075165102615
0.98  0.5000426362789381  0.5000003841543018  0.5000003841543018  0.49995736372106175
0.981  0.5000366414828056  0.5000003525330412  0.5000003525330412  0.4999633585171943
0.982  0.5000312338977888  0.500000320906219  0.500000320906219  0.4999687661022111
0.983  0.5000263834611004  0.5000002895018552  0.5000002895018552  0.4999736165388995
0.984  0.5000220601099532  0.500000258547969  0.500000258547969  0.49997793989004674
0.985  0.5000182337815596  0.5000002282725804  0.5000002282725804  0.4999817662184403
0.986  0.5000148744131325  0.5000001989037088  0.5000001989037088  0.4999851255868674
0.987  0.5000119519418844  0.500000170669374  0.500000170669374  0.4999880480581154
0.988  0.500009436305028  0.5000001437975956  0.5000001437975956  0.49999056369497175
0.989  0.5000072974397762  0.5000001185163933  0.5000001185163933  0.4999927025602237
0.99  0.5000055052833413  0.5000000950537865  0.5000000950537865  0.4999944947166585
0.991  0.5000040297729362  0.5000000736377953  0.5000000736377953  0.49999597022706366
0.992  0.5000028408457735  0.500000054496439  0.500000054496439  0.4999971591542264
0.993  0.5000019084390659  0.5000000378577374  0.5000000378577374  0.499998091560934
0.994  0.5000012024900259  0.50000002394971  0.50000002394971  0.49999879750997395
0.995  0.5000006929358664  0.5000000130003767  0.5000000130003767  0.4999993070641336
0.996  0.5000003497137999  0.5000000052377569  0.5000000052377569  0.4999996502862001
0.997  0.5000001427610391  0.5000000008898704  0.5000000008898704  0.4999998572389609
0.998  0.500000041341402  0.4999999999999992  0.4999999999999992  0.499999958658598
0.999  0.5000000051678012  0.5000000000000017  0.5000000000000017  0.49999999483219876
1.0  0.5  0.5000000000000007  0.5000000000000007  0.4999999999999999
